(kicad_pcb (version 20171130) (host pcbnew "(5.1.6)-1")

  (general
    (thickness 1.6)
    (drawings 25)
    (tracks 20)
    (zones 0)
    (modules 10)
    (nets 20)
  )

  (page A4)
  (layers
    (0 F.Cu signal)
    (31 B.Cu signal)
    (32 B.Adhes user)
    (33 F.Adhes user)
    (34 B.Paste user)
    (35 F.Paste user)
    (36 B.SilkS user)
    (37 F.SilkS user)
    (38 B.Mask user)
    (39 F.Mask user)
    (40 Dwgs.User user)
    (41 Cmts.User user)
    (42 Eco1.User user)
    (43 Eco2.User user)
    (44 Edge.Cuts user)
    (45 Margin user)
    (46 B.CrtYd user)
    (47 F.CrtYd user)
    (48 B.Fab user)
    (49 F.Fab user)
  )

  (setup
    (last_trace_width 0.25)
    (user_trace_width 0.5)
    (user_trace_width 1)
    (trace_clearance 0.2)
    (zone_clearance 0.508)
    (zone_45_only no)
    (trace_min 0.2)
    (via_size 0.8)
    (via_drill 0.4)
    (via_min_size 0.4)
    (via_min_drill 0.3)
    (uvia_size 0.3)
    (uvia_drill 0.1)
    (uvias_allowed no)
    (uvia_min_size 0.2)
    (uvia_min_drill 0.1)
    (edge_width 0.05)
    (segment_width 0.2)
    (pcb_text_width 0.3)
    (pcb_text_size 1.5 1.5)
    (mod_edge_width 0.12)
    (mod_text_size 1 1)
    (mod_text_width 0.15)
    (pad_size 1.524 1.524)
    (pad_drill 0.762)
    (pad_to_mask_clearance 0.05)
    (aux_axis_origin 0 0)
    (visible_elements 7FFFFFFF)
    (pcbplotparams
      (layerselection 0x010fc_ffffffff)
      (usegerberextensions false)
      (usegerberattributes true)
      (usegerberadvancedattributes true)
      (creategerberjobfile true)
      (excludeedgelayer true)
      (linewidth 0.100000)
      (plotframeref false)
      (viasonmask false)
      (mode 1)
      (useauxorigin false)
      (hpglpennumber 1)
      (hpglpenspeed 20)
      (hpglpendiameter 15.000000)
      (psnegative false)
      (psa4output false)
      (plotreference true)
      (plotvalue true)
      (plotinvisibletext false)
      (padsonsilk false)
      (subtractmaskfromsilk false)
      (outputformat 1)
      (mirror false)
      (drillshape 0)
      (scaleselection 1)
      (outputdirectory "Jacks Onboard GERBER/"))
  )

  (net 0 "")
  (net 1 "Net-(J1-PadTN)")
  (net 2 "Net-(J1-PadT)")
  (net 3 "Net-(J2-PadT)")
  (net 4 "Net-(J2-PadTN)")
  (net 5 "Net-(J3-Pad2)")
  (net 6 "Net-(J3-Pad4)")
  (net 7 "Net-(J3-Pad6)")
  (net 8 "Net-(J3-Pad8)")
  (net 9 "Net-(J3-Pad10)")
  (net 10 "Net-(J4-Pad9)")
  (net 11 "Net-(J4-Pad7)")
  (net 12 "Net-(J4-Pad5)")
  (net 13 "Net-(J4-Pad3)")
  (net 14 "Net-(J4-Pad1)")
  (net 15 "Net-(J10-Pad1)")
  (net 16 "Net-(J10-Pad2)")
  (net 17 GND)
  (net 18 "Net-(J7-PadTN)")
  (net 19 "Net-(J7-PadT)")

  (net_class Default "This is the default net class."
    (clearance 0.2)
    (trace_width 0.25)
    (via_dia 0.8)
    (via_drill 0.4)
    (uvia_dia 0.3)
    (uvia_drill 0.1)
    (add_net GND)
    (add_net "Net-(J1-PadT)")
    (add_net "Net-(J1-PadTN)")
    (add_net "Net-(J10-Pad1)")
    (add_net "Net-(J10-Pad2)")
    (add_net "Net-(J2-PadT)")
    (add_net "Net-(J2-PadTN)")
    (add_net "Net-(J3-Pad10)")
    (add_net "Net-(J3-Pad2)")
    (add_net "Net-(J3-Pad4)")
    (add_net "Net-(J3-Pad6)")
    (add_net "Net-(J3-Pad8)")
    (add_net "Net-(J4-Pad1)")
    (add_net "Net-(J4-Pad3)")
    (add_net "Net-(J4-Pad5)")
    (add_net "Net-(J4-Pad7)")
    (add_net "Net-(J4-Pad9)")
    (add_net "Net-(J7-PadT)")
    (add_net "Net-(J7-PadTN)")
  )

  (module Connector_PinHeader_2.54mm:PinHeader_2x05_P2.54mm_Vertical (layer B.Cu) (tedit 59FED5CC) (tstamp 5F8189E2)
    (at 187.96 53.34 90)
    (descr "Through hole straight pin header, 2x05, 2.54mm pitch, double rows")
    (tags "Through hole pin header THT 2x05 2.54mm double row")
    (path /5F818195)
    (fp_text reference J3 (at 1.27 2.33 270) (layer B.SilkS)
      (effects (font (size 1 1) (thickness 0.15)) (justify mirror))
    )
    (fp_text value Conn_02x05_Odd_Even (at 1.27 -12.49 270) (layer B.Fab)
      (effects (font (size 1 1) (thickness 0.15)) (justify mirror))
    )
    (fp_line (start 0 1.27) (end 3.81 1.27) (layer B.Fab) (width 0.1))
    (fp_line (start 3.81 1.27) (end 3.81 -11.43) (layer B.Fab) (width 0.1))
    (fp_line (start 3.81 -11.43) (end -1.27 -11.43) (layer B.Fab) (width 0.1))
    (fp_line (start -1.27 -11.43) (end -1.27 0) (layer B.Fab) (width 0.1))
    (fp_line (start -1.27 0) (end 0 1.27) (layer B.Fab) (width 0.1))
    (fp_line (start -1.33 -11.49) (end 3.87 -11.49) (layer B.SilkS) (width 0.12))
    (fp_line (start -1.33 -1.27) (end -1.33 -11.49) (layer B.SilkS) (width 0.12))
    (fp_line (start 3.87 1.33) (end 3.87 -11.49) (layer B.SilkS) (width 0.12))
    (fp_line (start -1.33 -1.27) (end 1.27 -1.27) (layer B.SilkS) (width 0.12))
    (fp_line (start 1.27 -1.27) (end 1.27 1.33) (layer B.SilkS) (width 0.12))
    (fp_line (start 1.27 1.33) (end 3.87 1.33) (layer B.SilkS) (width 0.12))
    (fp_line (start -1.33 0) (end -1.33 1.33) (layer B.SilkS) (width 0.12))
    (fp_line (start -1.33 1.33) (end 0 1.33) (layer B.SilkS) (width 0.12))
    (fp_line (start -1.8 1.8) (end -1.8 -11.95) (layer B.CrtYd) (width 0.05))
    (fp_line (start -1.8 -11.95) (end 4.35 -11.95) (layer B.CrtYd) (width 0.05))
    (fp_line (start 4.35 -11.95) (end 4.35 1.8) (layer B.CrtYd) (width 0.05))
    (fp_line (start 4.35 1.8) (end -1.8 1.8) (layer B.CrtYd) (width 0.05))
    (fp_text user %R (at 1.27 -5.08) (layer B.Fab)
      (effects (font (size 1 1) (thickness 0.15)) (justify mirror))
    )
    (pad 1 thru_hole rect (at 0 0 90) (size 1.7 1.7) (drill 1) (layers *.Cu *.Mask)
      (net 17 GND))
    (pad 2 thru_hole oval (at 2.54 0 90) (size 1.7 1.7) (drill 1) (layers *.Cu *.Mask)
      (net 5 "Net-(J3-Pad2)"))
    (pad 3 thru_hole oval (at 0 -2.54 90) (size 1.7 1.7) (drill 1) (layers *.Cu *.Mask)
      (net 17 GND))
    (pad 4 thru_hole oval (at 2.54 -2.54 90) (size 1.7 1.7) (drill 1) (layers *.Cu *.Mask)
      (net 6 "Net-(J3-Pad4)"))
    (pad 5 thru_hole oval (at 0 -5.08 90) (size 1.7 1.7) (drill 1) (layers *.Cu *.Mask)
      (net 17 GND))
    (pad 6 thru_hole oval (at 2.54 -5.08 90) (size 1.7 1.7) (drill 1) (layers *.Cu *.Mask)
      (net 7 "Net-(J3-Pad6)"))
    (pad 7 thru_hole oval (at 0 -7.62 90) (size 1.7 1.7) (drill 1) (layers *.Cu *.Mask)
      (net 17 GND))
    (pad 8 thru_hole oval (at 2.54 -7.62 90) (size 1.7 1.7) (drill 1) (layers *.Cu *.Mask)
      (net 8 "Net-(J3-Pad8)"))
    (pad 9 thru_hole oval (at 0 -10.16 90) (size 1.7 1.7) (drill 1) (layers *.Cu *.Mask)
      (net 17 GND))
    (pad 10 thru_hole oval (at 2.54 -10.16 90) (size 1.7 1.7) (drill 1) (layers *.Cu *.Mask)
      (net 9 "Net-(J3-Pad10)"))
    (model ${KISYS3DMOD}/Connector_PinHeader_2.54mm.3dshapes/PinHeader_2x05_P2.54mm_Vertical.wrl
      (at (xyz 0 0 0))
      (scale (xyz 1 1 1))
      (rotate (xyz 0 0 0))
    )
  )

  (module Connector_PinHeader_2.54mm:PinHeader_2x05_P2.54mm_Vertical (layer B.Cu) (tedit 59FED5CC) (tstamp 5F81A723)
    (at 187.96 99.06 90)
    (descr "Through hole straight pin header, 2x05, 2.54mm pitch, double rows")
    (tags "Through hole pin header THT 2x05 2.54mm double row")
    (path /5F81EAF5)
    (fp_text reference J4 (at 1.27 2.33 270) (layer B.SilkS)
      (effects (font (size 1 1) (thickness 0.15)) (justify mirror))
    )
    (fp_text value Conn_02x05_Odd_Even (at 1.27 -12.49 270) (layer B.Fab)
      (effects (font (size 1 1) (thickness 0.15)) (justify mirror))
    )
    (fp_line (start 4.35 1.8) (end -1.8 1.8) (layer B.CrtYd) (width 0.05))
    (fp_line (start 4.35 -11.95) (end 4.35 1.8) (layer B.CrtYd) (width 0.05))
    (fp_line (start -1.8 -11.95) (end 4.35 -11.95) (layer B.CrtYd) (width 0.05))
    (fp_line (start -1.8 1.8) (end -1.8 -11.95) (layer B.CrtYd) (width 0.05))
    (fp_line (start -1.33 1.33) (end 0 1.33) (layer B.SilkS) (width 0.12))
    (fp_line (start -1.33 0) (end -1.33 1.33) (layer B.SilkS) (width 0.12))
    (fp_line (start 1.27 1.33) (end 3.87 1.33) (layer B.SilkS) (width 0.12))
    (fp_line (start 1.27 -1.27) (end 1.27 1.33) (layer B.SilkS) (width 0.12))
    (fp_line (start -1.33 -1.27) (end 1.27 -1.27) (layer B.SilkS) (width 0.12))
    (fp_line (start 3.87 1.33) (end 3.87 -11.49) (layer B.SilkS) (width 0.12))
    (fp_line (start -1.33 -1.27) (end -1.33 -11.49) (layer B.SilkS) (width 0.12))
    (fp_line (start -1.33 -11.49) (end 3.87 -11.49) (layer B.SilkS) (width 0.12))
    (fp_line (start -1.27 0) (end 0 1.27) (layer B.Fab) (width 0.1))
    (fp_line (start -1.27 -11.43) (end -1.27 0) (layer B.Fab) (width 0.1))
    (fp_line (start 3.81 -11.43) (end -1.27 -11.43) (layer B.Fab) (width 0.1))
    (fp_line (start 3.81 1.27) (end 3.81 -11.43) (layer B.Fab) (width 0.1))
    (fp_line (start 0 1.27) (end 3.81 1.27) (layer B.Fab) (width 0.1))
    (fp_text user %R (at 1.27 -5.08) (layer B.Fab)
      (effects (font (size 1 1) (thickness 0.15)) (justify mirror))
    )
    (pad 10 thru_hole oval (at 2.54 -10.16 90) (size 1.7 1.7) (drill 1) (layers *.Cu *.Mask)
      (net 17 GND))
    (pad 9 thru_hole oval (at 0 -10.16 90) (size 1.7 1.7) (drill 1) (layers *.Cu *.Mask)
      (net 10 "Net-(J4-Pad9)"))
    (pad 8 thru_hole oval (at 2.54 -7.62 90) (size 1.7 1.7) (drill 1) (layers *.Cu *.Mask)
      (net 17 GND))
    (pad 7 thru_hole oval (at 0 -7.62 90) (size 1.7 1.7) (drill 1) (layers *.Cu *.Mask)
      (net 11 "Net-(J4-Pad7)"))
    (pad 6 thru_hole oval (at 2.54 -5.08 90) (size 1.7 1.7) (drill 1) (layers *.Cu *.Mask)
      (net 17 GND))
    (pad 5 thru_hole oval (at 0 -5.08 90) (size 1.7 1.7) (drill 1) (layers *.Cu *.Mask)
      (net 12 "Net-(J4-Pad5)"))
    (pad 4 thru_hole oval (at 2.54 -2.54 90) (size 1.7 1.7) (drill 1) (layers *.Cu *.Mask)
      (net 17 GND))
    (pad 3 thru_hole oval (at 0 -2.54 90) (size 1.7 1.7) (drill 1) (layers *.Cu *.Mask)
      (net 13 "Net-(J4-Pad3)"))
    (pad 2 thru_hole oval (at 2.54 0 90) (size 1.7 1.7) (drill 1) (layers *.Cu *.Mask)
      (net 17 GND))
    (pad 1 thru_hole rect (at 0 0 90) (size 1.7 1.7) (drill 1) (layers *.Cu *.Mask)
      (net 14 "Net-(J4-Pad1)"))
    (model ${KISYS3DMOD}/Connector_PinHeader_2.54mm.3dshapes/PinHeader_2x05_P2.54mm_Vertical.wrl
      (at (xyz 0 0 0))
      (scale (xyz 1 1 1))
      (rotate (xyz 0 0 0))
    )
  )

  (module Connector_PinSocket_2.54mm:PinSocket_1x02_P2.54mm_Vertical (layer F.Cu) (tedit 5A19A420) (tstamp 5F819DD2)
    (at 174.498 88.519)
    (descr "Through hole straight socket strip, 1x02, 2.54mm pitch, single row (from Kicad 4.0.7), script generated")
    (tags "Through hole socket strip THT 1x02 2.54mm single row")
    (path /5F82BB40)
    (fp_text reference J5 (at -1.397 -2.159) (layer F.SilkS)
      (effects (font (size 0.5 0.5) (thickness 0.125)))
    )
    (fp_text value Conn_01x02_Female (at 0 5.31) (layer F.Fab)
      (effects (font (size 1 1) (thickness 0.15)))
    )
    (fp_line (start -1.8 4.3) (end -1.8 -1.8) (layer F.CrtYd) (width 0.05))
    (fp_line (start 1.75 4.3) (end -1.8 4.3) (layer F.CrtYd) (width 0.05))
    (fp_line (start 1.75 -1.8) (end 1.75 4.3) (layer F.CrtYd) (width 0.05))
    (fp_line (start -1.8 -1.8) (end 1.75 -1.8) (layer F.CrtYd) (width 0.05))
    (fp_line (start 0 -1.33) (end 1.33 -1.33) (layer F.SilkS) (width 0.12))
    (fp_line (start 1.33 -1.33) (end 1.33 0) (layer F.SilkS) (width 0.12))
    (fp_line (start 1.33 1.27) (end 1.33 3.87) (layer F.SilkS) (width 0.12))
    (fp_line (start -1.33 3.87) (end 1.33 3.87) (layer F.SilkS) (width 0.12))
    (fp_line (start -1.33 1.27) (end -1.33 3.87) (layer F.SilkS) (width 0.12))
    (fp_line (start -1.33 1.27) (end 1.33 1.27) (layer F.SilkS) (width 0.12))
    (fp_line (start -1.27 3.81) (end -1.27 -1.27) (layer F.Fab) (width 0.1))
    (fp_line (start 1.27 3.81) (end -1.27 3.81) (layer F.Fab) (width 0.1))
    (fp_line (start 1.27 -0.635) (end 1.27 3.81) (layer F.Fab) (width 0.1))
    (fp_line (start 0.635 -1.27) (end 1.27 -0.635) (layer F.Fab) (width 0.1))
    (fp_line (start -1.27 -1.27) (end 0.635 -1.27) (layer F.Fab) (width 0.1))
    (fp_text user %R (at 0 1.27 90) (layer F.Fab)
      (effects (font (size 1 1) (thickness 0.15)))
    )
    (pad 1 thru_hole rect (at 0 0) (size 1.7 1.7) (drill 1) (layers *.Cu *.Mask)
      (net 2 "Net-(J1-PadT)"))
    (pad 2 thru_hole oval (at 0 2.54) (size 1.7 1.7) (drill 1) (layers *.Cu *.Mask)
      (net 1 "Net-(J1-PadTN)"))
    (model ${KISYS3DMOD}/Connector_PinSocket_2.54mm.3dshapes/PinSocket_1x02_P2.54mm_Vertical.wrl
      (at (xyz 0 0 0))
      (scale (xyz 1 1 1))
      (rotate (xyz 0 0 0))
    )
  )

  (module Connector_PinSocket_2.54mm:PinSocket_1x02_P2.54mm_Vertical (layer F.Cu) (tedit 5A19A420) (tstamp 5F819DE8)
    (at 174.498 78.613)
    (descr "Through hole straight socket strip, 1x02, 2.54mm pitch, single row (from Kicad 4.0.7), script generated")
    (tags "Through hole socket strip THT 1x02 2.54mm single row")
    (path /5F82D023)
    (fp_text reference J6 (at -1.397 -2.159) (layer F.SilkS)
      (effects (font (size 0.5 0.5) (thickness 0.125)))
    )
    (fp_text value Conn_01x02_Female (at 0 5.31) (layer F.Fab)
      (effects (font (size 1 1) (thickness 0.15)))
    )
    (fp_line (start -1.27 -1.27) (end 0.635 -1.27) (layer F.Fab) (width 0.1))
    (fp_line (start 0.635 -1.27) (end 1.27 -0.635) (layer F.Fab) (width 0.1))
    (fp_line (start 1.27 -0.635) (end 1.27 3.81) (layer F.Fab) (width 0.1))
    (fp_line (start 1.27 3.81) (end -1.27 3.81) (layer F.Fab) (width 0.1))
    (fp_line (start -1.27 3.81) (end -1.27 -1.27) (layer F.Fab) (width 0.1))
    (fp_line (start -1.33 1.27) (end 1.33 1.27) (layer F.SilkS) (width 0.12))
    (fp_line (start -1.33 1.27) (end -1.33 3.87) (layer F.SilkS) (width 0.12))
    (fp_line (start -1.33 3.87) (end 1.33 3.87) (layer F.SilkS) (width 0.12))
    (fp_line (start 1.33 1.27) (end 1.33 3.87) (layer F.SilkS) (width 0.12))
    (fp_line (start 1.33 -1.33) (end 1.33 0) (layer F.SilkS) (width 0.12))
    (fp_line (start 0 -1.33) (end 1.33 -1.33) (layer F.SilkS) (width 0.12))
    (fp_line (start -1.8 -1.8) (end 1.75 -1.8) (layer F.CrtYd) (width 0.05))
    (fp_line (start 1.75 -1.8) (end 1.75 4.3) (layer F.CrtYd) (width 0.05))
    (fp_line (start 1.75 4.3) (end -1.8 4.3) (layer F.CrtYd) (width 0.05))
    (fp_line (start -1.8 4.3) (end -1.8 -1.8) (layer F.CrtYd) (width 0.05))
    (fp_text user %R (at 0 1.27 90) (layer F.Fab)
      (effects (font (size 1 1) (thickness 0.15)))
    )
    (pad 2 thru_hole oval (at 0 2.54) (size 1.7 1.7) (drill 1) (layers *.Cu *.Mask)
      (net 4 "Net-(J2-PadTN)"))
    (pad 1 thru_hole rect (at 0 0) (size 1.7 1.7) (drill 1) (layers *.Cu *.Mask)
      (net 3 "Net-(J2-PadT)"))
    (model ${KISYS3DMOD}/Connector_PinSocket_2.54mm.3dshapes/PinSocket_1x02_P2.54mm_Vertical.wrl
      (at (xyz 0 0 0))
      (scale (xyz 1 1 1))
      (rotate (xyz 0 0 0))
    )
  )

  (module Connector_Audio:Jack_3.5mm_QingPu_WQP-PJ398SM_Vertical_CircularHoles (layer F.Cu) (tedit 5C2B6BB2) (tstamp 5F819E0A)
    (at 189.23 60.071 270)
    (descr "TRS 3.5mm, vertical, Thonkiconn, PCB mount, (http://www.qingpu-electronics.com/en/products/WQP-PJ398SM-362.html)")
    (tags "WQP-PJ398SM WQP-PJ301M-12 TRS 3.5mm mono vertical jack thonkiconn qingpu")
    (path /5F83954F)
    (fp_text reference J7 (at -4.03 1.08 270) (layer F.SilkS)
      (effects (font (size 1 1) (thickness 0.15)))
    )
    (fp_text value thonkiconn (at 0 5 270) (layer F.Fab)
      (effects (font (size 1 1) (thickness 0.15)))
    )
    (fp_line (start 0 0) (end 0 2.03) (layer F.Fab) (width 0.1))
    (fp_circle (center 0 6.48) (end 1.8 6.48) (layer F.Fab) (width 0.1))
    (fp_line (start 4.5 2.03) (end -4.5 2.03) (layer F.Fab) (width 0.1))
    (fp_line (start 5 -1.42) (end -5 -1.42) (layer F.CrtYd) (width 0.05))
    (fp_line (start 5 12.98) (end -5 12.98) (layer F.CrtYd) (width 0.05))
    (fp_line (start 5 12.98) (end 5 -1.42) (layer F.CrtYd) (width 0.05))
    (fp_line (start 4.5 12.48) (end -4.5 12.48) (layer F.Fab) (width 0.1))
    (fp_line (start 4.5 12.48) (end 4.5 2.08) (layer F.Fab) (width 0.1))
    (fp_line (start -1.06 -1) (end -0.2 -1) (layer F.SilkS) (width 0.12))
    (fp_line (start -1.06 -1) (end -1.06 -0.2) (layer F.SilkS) (width 0.12))
    (fp_circle (center 0 6.48) (end 1.8 6.48) (layer F.SilkS) (width 0.12))
    (fp_line (start -0.35 1.98) (end -4.5 1.98) (layer F.SilkS) (width 0.12))
    (fp_line (start 4.5 1.98) (end 0.35 1.98) (layer F.SilkS) (width 0.12))
    (fp_line (start -0.5 12.48) (end -4.5 12.48) (layer F.SilkS) (width 0.12))
    (fp_line (start 4.5 12.48) (end 0.5 12.48) (layer F.SilkS) (width 0.12))
    (fp_line (start -1.41 6.02) (end -0.46 5.07) (layer Dwgs.User) (width 0.12))
    (fp_line (start -1.42 6.875) (end 0.4 5.06) (layer Dwgs.User) (width 0.12))
    (fp_line (start -1.07 7.49) (end 1.01 5.41) (layer Dwgs.User) (width 0.12))
    (fp_line (start -0.58 7.83) (end 1.36 5.89) (layer Dwgs.User) (width 0.12))
    (fp_line (start 0.09 7.96) (end 1.48 6.57) (layer Dwgs.User) (width 0.12))
    (fp_circle (center 0 6.48) (end 1.5 6.48) (layer Dwgs.User) (width 0.12))
    (fp_line (start 4.5 1.98) (end 4.5 12.48) (layer F.SilkS) (width 0.12))
    (fp_line (start -4.5 1.98) (end -4.5 12.48) (layer F.SilkS) (width 0.12))
    (fp_line (start -4.5 12.48) (end -4.5 2.08) (layer F.Fab) (width 0.1))
    (fp_line (start -5 12.98) (end -5 -1.42) (layer F.CrtYd) (width 0.05))
    (fp_text user KEEPOUT (at 0 6.48 90) (layer Cmts.User)
      (effects (font (size 0.4 0.4) (thickness 0.051)))
    )
    (fp_text user %R (at 0 8 270) (layer F.Fab)
      (effects (font (size 1 1) (thickness 0.15)))
    )
    (pad TN thru_hole circle (at 0 3.1 90) (size 2.13 2.13) (drill 1.42) (layers *.Cu *.Mask)
      (net 18 "Net-(J7-PadTN)"))
    (pad S thru_hole rect (at 0 0 90) (size 1.93 1.83) (drill 1.22) (layers *.Cu *.Mask)
      (net 17 GND))
    (pad T thru_hole circle (at 0 11.4 90) (size 2.13 2.13) (drill 1.43) (layers *.Cu *.Mask)
      (net 19 "Net-(J7-PadT)"))
    (model ${KISYS3DMOD}/Connector_Audio.3dshapes/Jack_3.5mm_QingPu_WQP-PJ398SM_Vertical.wrl
      (at (xyz 0 0 0))
      (scale (xyz 1 1 1))
      (rotate (xyz 0 0 0))
    )
  )

  (module Connector_Audio:Jack_3.5mm_QingPu_WQP-PJ398SM_Vertical_CircularHoles (layer F.Cu) (tedit 5C2B6BB2) (tstamp 5F819E2C)
    (at 189.23 69.977 270)
    (descr "TRS 3.5mm, vertical, Thonkiconn, PCB mount, (http://www.qingpu-electronics.com/en/products/WQP-PJ398SM-362.html)")
    (tags "WQP-PJ398SM WQP-PJ301M-12 TRS 3.5mm mono vertical jack thonkiconn qingpu")
    (path /5F839555)
    (fp_text reference J8 (at -4.03 1.08 270) (layer F.SilkS)
      (effects (font (size 1 1) (thickness 0.15)))
    )
    (fp_text value thonkiconn (at 0 5 270) (layer F.Fab)
      (effects (font (size 1 1) (thickness 0.15)))
    )
    (fp_line (start -5 12.98) (end -5 -1.42) (layer F.CrtYd) (width 0.05))
    (fp_line (start -4.5 12.48) (end -4.5 2.08) (layer F.Fab) (width 0.1))
    (fp_line (start -4.5 1.98) (end -4.5 12.48) (layer F.SilkS) (width 0.12))
    (fp_line (start 4.5 1.98) (end 4.5 12.48) (layer F.SilkS) (width 0.12))
    (fp_circle (center 0 6.48) (end 1.5 6.48) (layer Dwgs.User) (width 0.12))
    (fp_line (start 0.09 7.96) (end 1.48 6.57) (layer Dwgs.User) (width 0.12))
    (fp_line (start -0.58 7.83) (end 1.36 5.89) (layer Dwgs.User) (width 0.12))
    (fp_line (start -1.07 7.49) (end 1.01 5.41) (layer Dwgs.User) (width 0.12))
    (fp_line (start -1.42 6.875) (end 0.4 5.06) (layer Dwgs.User) (width 0.12))
    (fp_line (start -1.41 6.02) (end -0.46 5.07) (layer Dwgs.User) (width 0.12))
    (fp_line (start 4.5 12.48) (end 0.5 12.48) (layer F.SilkS) (width 0.12))
    (fp_line (start -0.5 12.48) (end -4.5 12.48) (layer F.SilkS) (width 0.12))
    (fp_line (start 4.5 1.98) (end 0.35 1.98) (layer F.SilkS) (width 0.12))
    (fp_line (start -0.35 1.98) (end -4.5 1.98) (layer F.SilkS) (width 0.12))
    (fp_circle (center 0 6.48) (end 1.8 6.48) (layer F.SilkS) (width 0.12))
    (fp_line (start -1.06 -1) (end -1.06 -0.2) (layer F.SilkS) (width 0.12))
    (fp_line (start -1.06 -1) (end -0.2 -1) (layer F.SilkS) (width 0.12))
    (fp_line (start 4.5 12.48) (end 4.5 2.08) (layer F.Fab) (width 0.1))
    (fp_line (start 4.5 12.48) (end -4.5 12.48) (layer F.Fab) (width 0.1))
    (fp_line (start 5 12.98) (end 5 -1.42) (layer F.CrtYd) (width 0.05))
    (fp_line (start 5 12.98) (end -5 12.98) (layer F.CrtYd) (width 0.05))
    (fp_line (start 5 -1.42) (end -5 -1.42) (layer F.CrtYd) (width 0.05))
    (fp_line (start 4.5 2.03) (end -4.5 2.03) (layer F.Fab) (width 0.1))
    (fp_circle (center 0 6.48) (end 1.8 6.48) (layer F.Fab) (width 0.1))
    (fp_line (start 0 0) (end 0 2.03) (layer F.Fab) (width 0.1))
    (fp_text user %R (at 0 8 270) (layer F.Fab)
      (effects (font (size 1 1) (thickness 0.15)))
    )
    (fp_text user KEEPOUT (at 0 6.48 90) (layer Cmts.User)
      (effects (font (size 0.4 0.4) (thickness 0.051)))
    )
    (pad T thru_hole circle (at 0 11.4 90) (size 2.13 2.13) (drill 1.43) (layers *.Cu *.Mask)
      (net 15 "Net-(J10-Pad1)"))
    (pad S thru_hole rect (at 0 0 90) (size 1.93 1.83) (drill 1.22) (layers *.Cu *.Mask)
      (net 17 GND))
    (pad TN thru_hole circle (at 0 3.1 90) (size 2.13 2.13) (drill 1.42) (layers *.Cu *.Mask)
      (net 16 "Net-(J10-Pad2)"))
    (model ${KISYS3DMOD}/Connector_Audio.3dshapes/Jack_3.5mm_QingPu_WQP-PJ398SM_Vertical.wrl
      (at (xyz 0 0 0))
      (scale (xyz 1 1 1))
      (rotate (xyz 0 0 0))
    )
  )

  (module Connector_PinSocket_2.54mm:PinSocket_1x02_P2.54mm_Vertical (layer F.Cu) (tedit 5A19A420) (tstamp 5F819E42)
    (at 174.498 58.801)
    (descr "Through hole straight socket strip, 1x02, 2.54mm pitch, single row (from Kicad 4.0.7), script generated")
    (tags "Through hole socket strip THT 1x02 2.54mm single row")
    (path /5F83955F)
    (fp_text reference J9 (at -1.397 -2.159) (layer F.SilkS)
      (effects (font (size 0.5 0.5) (thickness 0.125)))
    )
    (fp_text value Conn_01x02_Female (at 0 5.31) (layer F.Fab)
      (effects (font (size 1 1) (thickness 0.15)))
    )
    (fp_line (start -1.8 4.3) (end -1.8 -1.8) (layer F.CrtYd) (width 0.05))
    (fp_line (start 1.75 4.3) (end -1.8 4.3) (layer F.CrtYd) (width 0.05))
    (fp_line (start 1.75 -1.8) (end 1.75 4.3) (layer F.CrtYd) (width 0.05))
    (fp_line (start -1.8 -1.8) (end 1.75 -1.8) (layer F.CrtYd) (width 0.05))
    (fp_line (start 0 -1.33) (end 1.33 -1.33) (layer F.SilkS) (width 0.12))
    (fp_line (start 1.33 -1.33) (end 1.33 0) (layer F.SilkS) (width 0.12))
    (fp_line (start 1.33 1.27) (end 1.33 3.87) (layer F.SilkS) (width 0.12))
    (fp_line (start -1.33 3.87) (end 1.33 3.87) (layer F.SilkS) (width 0.12))
    (fp_line (start -1.33 1.27) (end -1.33 3.87) (layer F.SilkS) (width 0.12))
    (fp_line (start -1.33 1.27) (end 1.33 1.27) (layer F.SilkS) (width 0.12))
    (fp_line (start -1.27 3.81) (end -1.27 -1.27) (layer F.Fab) (width 0.1))
    (fp_line (start 1.27 3.81) (end -1.27 3.81) (layer F.Fab) (width 0.1))
    (fp_line (start 1.27 -0.635) (end 1.27 3.81) (layer F.Fab) (width 0.1))
    (fp_line (start 0.635 -1.27) (end 1.27 -0.635) (layer F.Fab) (width 0.1))
    (fp_line (start -1.27 -1.27) (end 0.635 -1.27) (layer F.Fab) (width 0.1))
    (fp_text user %R (at 0 1.27 90) (layer F.Fab)
      (effects (font (size 1 1) (thickness 0.15)))
    )
    (pad 1 thru_hole rect (at 0 0) (size 1.7 1.7) (drill 1) (layers *.Cu *.Mask)
      (net 19 "Net-(J7-PadT)"))
    (pad 2 thru_hole oval (at 0 2.54) (size 1.7 1.7) (drill 1) (layers *.Cu *.Mask)
      (net 18 "Net-(J7-PadTN)"))
    (model ${KISYS3DMOD}/Connector_PinSocket_2.54mm.3dshapes/PinSocket_1x02_P2.54mm_Vertical.wrl
      (at (xyz 0 0 0))
      (scale (xyz 1 1 1))
      (rotate (xyz 0 0 0))
    )
  )

  (module Connector_PinSocket_2.54mm:PinSocket_1x02_P2.54mm_Vertical (layer F.Cu) (tedit 5A19A420) (tstamp 5F819E58)
    (at 174.498 68.707)
    (descr "Through hole straight socket strip, 1x02, 2.54mm pitch, single row (from Kicad 4.0.7), script generated")
    (tags "Through hole socket strip THT 1x02 2.54mm single row")
    (path /5F839565)
    (fp_text reference J10 (at -1.143 -2.159) (layer F.SilkS)
      (effects (font (size 0.5 0.5) (thickness 0.125)))
    )
    (fp_text value Conn_01x02_Female (at 0 5.31) (layer F.Fab)
      (effects (font (size 1 1) (thickness 0.15)))
    )
    (fp_line (start -1.27 -1.27) (end 0.635 -1.27) (layer F.Fab) (width 0.1))
    (fp_line (start 0.635 -1.27) (end 1.27 -0.635) (layer F.Fab) (width 0.1))
    (fp_line (start 1.27 -0.635) (end 1.27 3.81) (layer F.Fab) (width 0.1))
    (fp_line (start 1.27 3.81) (end -1.27 3.81) (layer F.Fab) (width 0.1))
    (fp_line (start -1.27 3.81) (end -1.27 -1.27) (layer F.Fab) (width 0.1))
    (fp_line (start -1.33 1.27) (end 1.33 1.27) (layer F.SilkS) (width 0.12))
    (fp_line (start -1.33 1.27) (end -1.33 3.87) (layer F.SilkS) (width 0.12))
    (fp_line (start -1.33 3.87) (end 1.33 3.87) (layer F.SilkS) (width 0.12))
    (fp_line (start 1.33 1.27) (end 1.33 3.87) (layer F.SilkS) (width 0.12))
    (fp_line (start 1.33 -1.33) (end 1.33 0) (layer F.SilkS) (width 0.12))
    (fp_line (start 0 -1.33) (end 1.33 -1.33) (layer F.SilkS) (width 0.12))
    (fp_line (start -1.8 -1.8) (end 1.75 -1.8) (layer F.CrtYd) (width 0.05))
    (fp_line (start 1.75 -1.8) (end 1.75 4.3) (layer F.CrtYd) (width 0.05))
    (fp_line (start 1.75 4.3) (end -1.8 4.3) (layer F.CrtYd) (width 0.05))
    (fp_line (start -1.8 4.3) (end -1.8 -1.8) (layer F.CrtYd) (width 0.05))
    (fp_text user %R (at 0 1.27 90) (layer F.Fab)
      (effects (font (size 1 1) (thickness 0.15)))
    )
    (pad 2 thru_hole oval (at 0 2.54) (size 1.7 1.7) (drill 1) (layers *.Cu *.Mask)
      (net 16 "Net-(J10-Pad2)"))
    (pad 1 thru_hole rect (at 0 0) (size 1.7 1.7) (drill 1) (layers *.Cu *.Mask)
      (net 15 "Net-(J10-Pad1)"))
    (model ${KISYS3DMOD}/Connector_PinSocket_2.54mm.3dshapes/PinSocket_1x02_P2.54mm_Vertical.wrl
      (at (xyz 0 0 0))
      (scale (xyz 1 1 1))
      (rotate (xyz 0 0 0))
    )
  )

  (module Connector_Audio:Jack_3.5mm_QingPu_WQP-PJ398SM_Vertical_CircularHoles (layer F.Cu) (tedit 5C2B6BB2) (tstamp 5F81A06C)
    (at 189.23 89.789 270)
    (descr "TRS 3.5mm, vertical, Thonkiconn, PCB mount, (http://www.qingpu-electronics.com/en/products/WQP-PJ398SM-362.html)")
    (tags "WQP-PJ398SM WQP-PJ301M-12 TRS 3.5mm mono vertical jack thonkiconn qingpu")
    (path /5F826A96)
    (fp_text reference J1 (at -4.03 1.08 270) (layer F.SilkS)
      (effects (font (size 1 1) (thickness 0.15)))
    )
    (fp_text value thonkiconn (at 0 5 270) (layer F.Fab)
      (effects (font (size 1 1) (thickness 0.15)))
    )
    (fp_line (start 0 0) (end 0 2.03) (layer F.Fab) (width 0.1))
    (fp_circle (center 0 6.48) (end 1.8 6.48) (layer F.Fab) (width 0.1))
    (fp_line (start 4.5 2.03) (end -4.5 2.03) (layer F.Fab) (width 0.1))
    (fp_line (start 5 -1.42) (end -5 -1.42) (layer F.CrtYd) (width 0.05))
    (fp_line (start 5 12.98) (end -5 12.98) (layer F.CrtYd) (width 0.05))
    (fp_line (start 5 12.98) (end 5 -1.42) (layer F.CrtYd) (width 0.05))
    (fp_line (start 4.5 12.48) (end -4.5 12.48) (layer F.Fab) (width 0.1))
    (fp_line (start 4.5 12.48) (end 4.5 2.08) (layer F.Fab) (width 0.1))
    (fp_line (start -1.06 -1) (end -0.2 -1) (layer F.SilkS) (width 0.12))
    (fp_line (start -1.06 -1) (end -1.06 -0.2) (layer F.SilkS) (width 0.12))
    (fp_circle (center 0 6.48) (end 1.8 6.48) (layer F.SilkS) (width 0.12))
    (fp_line (start -0.35 1.98) (end -4.5 1.98) (layer F.SilkS) (width 0.12))
    (fp_line (start 4.5 1.98) (end 0.35 1.98) (layer F.SilkS) (width 0.12))
    (fp_line (start -0.5 12.48) (end -4.5 12.48) (layer F.SilkS) (width 0.12))
    (fp_line (start 4.5 12.48) (end 0.5 12.48) (layer F.SilkS) (width 0.12))
    (fp_line (start -1.41 6.02) (end -0.46 5.07) (layer Dwgs.User) (width 0.12))
    (fp_line (start -1.42 6.875) (end 0.4 5.06) (layer Dwgs.User) (width 0.12))
    (fp_line (start -1.07 7.49) (end 1.01 5.41) (layer Dwgs.User) (width 0.12))
    (fp_line (start -0.58 7.83) (end 1.36 5.89) (layer Dwgs.User) (width 0.12))
    (fp_line (start 0.09 7.96) (end 1.48 6.57) (layer Dwgs.User) (width 0.12))
    (fp_circle (center 0 6.48) (end 1.5 6.48) (layer Dwgs.User) (width 0.12))
    (fp_line (start 4.5 1.98) (end 4.5 12.48) (layer F.SilkS) (width 0.12))
    (fp_line (start -4.5 1.98) (end -4.5 12.48) (layer F.SilkS) (width 0.12))
    (fp_line (start -4.5 12.48) (end -4.5 2.08) (layer F.Fab) (width 0.1))
    (fp_line (start -5 12.98) (end -5 -1.42) (layer F.CrtYd) (width 0.05))
    (fp_text user KEEPOUT (at 0 6.48 90) (layer Cmts.User)
      (effects (font (size 0.4 0.4) (thickness 0.051)))
    )
    (fp_text user %R (at 0 8 270) (layer F.Fab)
      (effects (font (size 1 1) (thickness 0.15)))
    )
    (pad TN thru_hole circle (at 0 3.1 90) (size 2.13 2.13) (drill 1.42) (layers *.Cu *.Mask)
      (net 1 "Net-(J1-PadTN)"))
    (pad S thru_hole rect (at 0 0 90) (size 1.93 1.83) (drill 1.22) (layers *.Cu *.Mask)
      (net 17 GND))
    (pad T thru_hole circle (at 0 11.4 90) (size 2.13 2.13) (drill 1.43) (layers *.Cu *.Mask)
      (net 2 "Net-(J1-PadT)"))
    (model ${KISYS3DMOD}/Connector_Audio.3dshapes/Jack_3.5mm_QingPu_WQP-PJ398SM_Vertical.wrl
      (at (xyz 0 0 0))
      (scale (xyz 1 1 1))
      (rotate (xyz 0 0 0))
    )
  )

  (module Connector_Audio:Jack_3.5mm_QingPu_WQP-PJ398SM_Vertical_CircularHoles (layer F.Cu) (tedit 5C2B6BB2) (tstamp 5F81A08E)
    (at 189.23 79.883 270)
    (descr "TRS 3.5mm, vertical, Thonkiconn, PCB mount, (http://www.qingpu-electronics.com/en/products/WQP-PJ398SM-362.html)")
    (tags "WQP-PJ398SM WQP-PJ301M-12 TRS 3.5mm mono vertical jack thonkiconn qingpu")
    (path /5F8285DF)
    (fp_text reference J2 (at -4.03 1.08 270) (layer F.SilkS)
      (effects (font (size 1 1) (thickness 0.15)))
    )
    (fp_text value thonkiconn (at 0 5 270) (layer F.Fab)
      (effects (font (size 1 1) (thickness 0.15)))
    )
    (fp_line (start -5 12.98) (end -5 -1.42) (layer F.CrtYd) (width 0.05))
    (fp_line (start -4.5 12.48) (end -4.5 2.08) (layer F.Fab) (width 0.1))
    (fp_line (start -4.5 1.98) (end -4.5 12.48) (layer F.SilkS) (width 0.12))
    (fp_line (start 4.5 1.98) (end 4.5 12.48) (layer F.SilkS) (width 0.12))
    (fp_circle (center 0 6.48) (end 1.5 6.48) (layer Dwgs.User) (width 0.12))
    (fp_line (start 0.09 7.96) (end 1.48 6.57) (layer Dwgs.User) (width 0.12))
    (fp_line (start -0.58 7.83) (end 1.36 5.89) (layer Dwgs.User) (width 0.12))
    (fp_line (start -1.07 7.49) (end 1.01 5.41) (layer Dwgs.User) (width 0.12))
    (fp_line (start -1.42 6.875) (end 0.4 5.06) (layer Dwgs.User) (width 0.12))
    (fp_line (start -1.41 6.02) (end -0.46 5.07) (layer Dwgs.User) (width 0.12))
    (fp_line (start 4.5 12.48) (end 0.5 12.48) (layer F.SilkS) (width 0.12))
    (fp_line (start -0.5 12.48) (end -4.5 12.48) (layer F.SilkS) (width 0.12))
    (fp_line (start 4.5 1.98) (end 0.35 1.98) (layer F.SilkS) (width 0.12))
    (fp_line (start -0.35 1.98) (end -4.5 1.98) (layer F.SilkS) (width 0.12))
    (fp_circle (center 0 6.48) (end 1.8 6.48) (layer F.SilkS) (width 0.12))
    (fp_line (start -1.06 -1) (end -1.06 -0.2) (layer F.SilkS) (width 0.12))
    (fp_line (start -1.06 -1) (end -0.2 -1) (layer F.SilkS) (width 0.12))
    (fp_line (start 4.5 12.48) (end 4.5 2.08) (layer F.Fab) (width 0.1))
    (fp_line (start 4.5 12.48) (end -4.5 12.48) (layer F.Fab) (width 0.1))
    (fp_line (start 5 12.98) (end 5 -1.42) (layer F.CrtYd) (width 0.05))
    (fp_line (start 5 12.98) (end -5 12.98) (layer F.CrtYd) (width 0.05))
    (fp_line (start 5 -1.42) (end -5 -1.42) (layer F.CrtYd) (width 0.05))
    (fp_line (start 4.5 2.03) (end -4.5 2.03) (layer F.Fab) (width 0.1))
    (fp_circle (center 0 6.48) (end 1.8 6.48) (layer F.Fab) (width 0.1))
    (fp_line (start 0 0) (end 0 2.03) (layer F.Fab) (width 0.1))
    (fp_text user %R (at 0 8 270) (layer F.Fab)
      (effects (font (size 1 1) (thickness 0.15)))
    )
    (fp_text user KEEPOUT (at 0 6.48 90) (layer Cmts.User)
      (effects (font (size 0.4 0.4) (thickness 0.051)))
    )
    (pad T thru_hole circle (at 0 11.4 90) (size 2.13 2.13) (drill 1.43) (layers *.Cu *.Mask)
      (net 3 "Net-(J2-PadT)"))
    (pad S thru_hole rect (at 0 0 90) (size 1.93 1.83) (drill 1.22) (layers *.Cu *.Mask)
      (net 17 GND))
    (pad TN thru_hole circle (at 0 3.1 90) (size 2.13 2.13) (drill 1.42) (layers *.Cu *.Mask)
      (net 4 "Net-(J2-PadTN)"))
    (model ${KISYS3DMOD}/Connector_Audio.3dshapes/Jack_3.5mm_QingPu_WQP-PJ398SM_Vertical.wrl
      (at (xyz 0 0 0))
      (scale (xyz 1 1 1))
      (rotate (xyz 0 0 0))
    )
  )

  (gr_text "18 10 2020\nV 1.0" (at 182 60.6) (layer F.SilkS) (tstamp 5F8BF379)
    (effects (font (size 0.5 0.5) (thickness 0.1)))
  )
  (gr_text JLCJLCJLCJLC (at 182 59.2) (layer F.SilkS) (tstamp 5F8BF378)
    (effects (font (size 0.5 0.5) (thickness 0.1)))
  )
  (gr_text "Github.com/\nGunnaer\nCC by SA 4.0" (at 181.9 89.2 270) (layer B.SilkS) (tstamp 5F8BE94A)
    (effects (font (size 1 1) (thickness 0.15)) (justify mirror))
  )
  (gr_text "Inspired by:\nMutable Instruments\nEmilie Gillet" (at 181.9 74 270) (layer B.SilkS) (tstamp 5F8BE945)
    (effects (font (size 1 1) (thickness 0.15)) (justify mirror))
  )
  (gr_text "BB Friends\nThonkicon\nEdition" (at 181.9 60.1 270) (layer B.SilkS) (tstamp 5F8BEA62)
    (effects (font (size 1 1) (thickness 0.15)) (justify mirror))
  )
  (gr_text V- (at 174.244 99.187) (layer F.SilkS) (tstamp 5F822E59)
    (effects (font (size 1 1) (thickness 0.15)))
  )
  (gr_text GND (at 174.244 96.52) (layer F.SilkS) (tstamp 5F822E59)
    (effects (font (size 1 1) (thickness 0.15)))
  )
  (gr_text V+ (at 174.371 50.673) (layer F.SilkS)
    (effects (font (size 1 1) (thickness 0.15)))
  )
  (gr_text GND (at 174.625 53.467) (layer F.SilkS)
    (effects (font (size 1 1) (thickness 0.15)))
  )
  (gr_text TIP (at 174.752 56.388) (layer F.SilkS) (tstamp 5F822D02)
    (effects (font (size 0.8 0.8) (thickness 0.15)))
  )
  (gr_text NORM (at 174.498 63.754) (layer F.SilkS) (tstamp 5F822D01)
    (effects (font (size 0.8 0.8) (thickness 0.15)))
  )
  (gr_text TIP (at 174.752 66.294) (layer F.SilkS) (tstamp 5F822D02)
    (effects (font (size 0.8 0.8) (thickness 0.15)))
  )
  (gr_text NORM (at 174.498 73.66) (layer F.SilkS) (tstamp 5F822D01)
    (effects (font (size 0.8 0.8) (thickness 0.15)))
  )
  (gr_text TIP (at 174.752 76.2) (layer F.SilkS) (tstamp 5F822D02)
    (effects (font (size 0.8 0.8) (thickness 0.15)))
  )
  (gr_text NORM (at 174.498 83.566) (layer F.SilkS) (tstamp 5F822D01)
    (effects (font (size 0.8 0.8) (thickness 0.15)))
  )
  (gr_text NORM (at 174.498 93.472) (layer F.SilkS)
    (effects (font (size 0.8 0.8) (thickness 0.15)))
  )
  (gr_text TIP (at 174.752 86.106) (layer F.SilkS)
    (effects (font (size 0.8 0.8) (thickness 0.15)))
  )
  (gr_arc (start 173.736 50.292) (end 173.736 49.022) (angle -90) (layer Edge.Cuts) (width 0.05))
  (gr_arc (start 189.484 50.292) (end 190.754 50.292) (angle -90) (layer Edge.Cuts) (width 0.05))
  (gr_arc (start 189.484 99.568) (end 189.484 100.838) (angle -90) (layer Edge.Cuts) (width 0.05))
  (gr_arc (start 173.736 99.568) (end 172.466 99.568) (angle -90) (layer Edge.Cuts) (width 0.05))
  (gr_line (start 190.754 50.292) (end 190.754 99.568) (layer Edge.Cuts) (width 0.1))
  (gr_line (start 173.736 49.022) (end 189.484 49.022) (layer Edge.Cuts) (width 0.1))
  (gr_line (start 172.466 99.568) (end 172.466 50.292) (layer Edge.Cuts) (width 0.1))
  (gr_line (start 189.484 100.838) (end 173.736 100.838) (layer Edge.Cuts) (width 0.1))

  (segment (start 184.010001 91.908999) (end 186.13 89.789) (width 0.5) (layer B.Cu) (net 1))
  (segment (start 175.347999 91.908999) (end 184.010001 91.908999) (width 0.5) (layer B.Cu) (net 1))
  (segment (start 174.498 91.059) (end 175.347999 91.908999) (width 0.5) (layer B.Cu) (net 1))
  (segment (start 176.56 88.519) (end 177.83 89.789) (width 0.5) (layer B.Cu) (net 2))
  (segment (start 174.498 88.519) (end 176.56 88.519) (width 0.5) (layer B.Cu) (net 2))
  (segment (start 176.56 78.613) (end 177.83 79.883) (width 0.5) (layer B.Cu) (net 3))
  (segment (start 174.498 78.613) (end 176.56 78.613) (width 0.5) (layer B.Cu) (net 3))
  (segment (start 184.010001 82.002999) (end 186.13 79.883) (width 0.5) (layer B.Cu) (net 4))
  (segment (start 175.347999 82.002999) (end 184.010001 82.002999) (width 0.5) (layer B.Cu) (net 4))
  (segment (start 174.498 81.153) (end 175.347999 82.002999) (width 0.5) (layer B.Cu) (net 4))
  (segment (start 176.56 68.707) (end 177.83 69.977) (width 0.5) (layer B.Cu) (net 15))
  (segment (start 174.498 68.707) (end 176.56 68.707) (width 0.5) (layer B.Cu) (net 15))
  (segment (start 184.010001 72.096999) (end 186.13 69.977) (width 0.5) (layer B.Cu) (net 16))
  (segment (start 175.347999 72.096999) (end 184.010001 72.096999) (width 0.5) (layer B.Cu) (net 16))
  (segment (start 174.498 71.247) (end 175.347999 72.096999) (width 0.5) (layer B.Cu) (net 16))
  (segment (start 184.010001 62.190999) (end 186.13 60.071) (width 0.5) (layer B.Cu) (net 18))
  (segment (start 175.347999 62.190999) (end 184.010001 62.190999) (width 0.5) (layer B.Cu) (net 18))
  (segment (start 174.498 61.341) (end 175.347999 62.190999) (width 0.5) (layer B.Cu) (net 18))
  (segment (start 176.56 58.801) (end 177.83 60.071) (width 0.5) (layer B.Cu) (net 19))
  (segment (start 174.498 58.801) (end 176.56 58.801) (width 0.5) (layer B.Cu) (net 19))

  (zone (net 17) (net_name GND) (layer F.Cu) (tstamp 5F8BEBE1) (hatch edge 0.508)
    (connect_pads (clearance 0.508))
    (min_thickness 0.254)
    (fill yes (arc_segments 32) (thermal_gap 0.508) (thermal_bridge_width 0.508))
    (polygon
      (pts
        (xy 198.12 107.188) (xy 164.592 104.394) (xy 168.656 45.974) (xy 197.104 42.418)
      )
    )
    (filled_polygon
      (pts
        (xy 173.702353 49.707) (xy 176.792893 49.707) (xy 176.646525 49.853368) (xy 176.48401 50.096589) (xy 176.372068 50.366842)
        (xy 176.315 50.65374) (xy 176.315 50.94626) (xy 176.372068 51.233158) (xy 176.48401 51.503411) (xy 176.646525 51.746632)
        (xy 176.853368 51.953475) (xy 177.029406 52.0711) (xy 176.799731 52.242412) (xy 176.604822 52.458645) (xy 176.455843 52.708748)
        (xy 176.358519 52.983109) (xy 176.479186 53.213) (xy 177.673 53.213) (xy 177.673 53.193) (xy 177.927 53.193)
        (xy 177.927 53.213) (xy 180.213 53.213) (xy 180.213 53.193) (xy 180.467 53.193) (xy 180.467 53.213)
        (xy 182.753 53.213) (xy 182.753 53.193) (xy 183.007 53.193) (xy 183.007 53.213) (xy 185.293 53.213)
        (xy 185.293 53.193) (xy 185.547 53.193) (xy 185.547 53.213) (xy 187.833 53.213) (xy 187.833 53.193)
        (xy 188.087 53.193) (xy 188.087 53.213) (xy 189.28625 53.213) (xy 189.445 53.05425) (xy 189.448072 52.49)
        (xy 189.435812 52.365518) (xy 189.399502 52.24582) (xy 189.340537 52.135506) (xy 189.261185 52.038815) (xy 189.164494 51.959463)
        (xy 189.05418 51.900498) (xy 188.98162 51.878487) (xy 189.113475 51.746632) (xy 189.27599 51.503411) (xy 189.387932 51.233158)
        (xy 189.445 50.94626) (xy 189.445 50.65374) (xy 189.387932 50.366842) (xy 189.27599 50.096589) (xy 189.113475 49.853368)
        (xy 188.967107 49.707) (xy 189.517647 49.707) (xy 189.60682 49.698217) (xy 189.715246 49.730953) (xy 189.819819 49.786555)
        (xy 189.911596 49.861407) (xy 189.987091 49.952664) (xy 190.043419 50.056844) (xy 190.077882 50.168174) (xy 190.069 50.258354)
        (xy 190.069 58.468299) (xy 189.51575 58.471) (xy 189.357 58.62975) (xy 189.357 59.944) (xy 189.377 59.944)
